3,00	16,26	21,91%	3,26%
6,04	53,44	4,18%	-%
3,26	252,45	4,13%	1,94%
13,58	15,61	4,87%	0,57%
3,19	15,47	45,35%	8,11%
0,64	5,44	17,29%	6,66%
1,38	9,29	24,55%	5,78%
5,71	10,53	-%	5,06%
4,12	1.323,05	2,08%	0,12%
1,31	22,04	26,01%	-%
0,63	44,64	16,14%	-%
1,32	7,76	5,77%	6,62%
1,05	4,57	79,62%	11,39%
1,16	5,44	15,33%	6,58%
2,19	4,43	34,22%	6,28%
0,74	5,24	17,15%	23,35%
1,44	12,28	8,36%	13,38%
3,03	-17,34	-8,13%	-%
1,15	7,20	56,22%	1,35%
4,29	11,48	34,35%	1,15%
0,87	17,03	4,26%	10,55%
-124,53	7,10	6,69%	-%
3,74	14,44	12,56%	4,17%
1,25	5,49	13,38%	6,65%
1,91	12,83	24,78%	7,98%
2,02	-53,04	-3,80%	-%
1,95	13,05	29,31%	5,11%
4,92	18,76	17,44%	0,60%
1,43	-5,99	-11,83%	-%
1,53	8,40	150,62%	2,82%
2,47	8,46	19,36%	1,46%
2,27	6,99	4,42%	5,34%
0,89	4,26	49,22%	5,05%
4,87	12,07	15,46%	-%
4,22	1.041,92	1,96%	0,15%
3,90	57,10	12,54%	-%
12,75	118,82	2,19%	0,30%
2,12	34,35	18,11%	0,01%
4,29	4,65	5,30%	6,18%
0,79	4,62	10,20%	3,62%
2,22	45,05	10,10%	0,28%
15,65	139,90	3,51%	0,24%
2,54	27,11	2,63%	-%
1,16	56,93	1,55%	0,45%
7,92	49,70	3,36%	0,38%
8,42	93,13	8,01%	2,05%
1,35	8,85	16,22%	6,31%
0,76	5,39	21,09%	5,49%
1,98	8,93	12,32%	3,30%
2,36	9,46	17,66%	2,79%
3,13	12,48	21,91%	3,44%
6,87	136,19	5,40%	-%
3,70	172,14	3,56%	0,11%
2,89	63,19	8,53%	-%
1,92	4,52	69,11%	12,66%
3,88	9,03	35,69%	1,56%
1,17	11,77	13,31%	5,63%
7,50	61,01	11,74%	0,85%
1,11	4,46	88,69%	14,53%
1,62	19,75	0,82%	4,56%
0,93	2,76	25,33%	7,57%
0,96	2,83	25,33%	8,12%
9,08	50,33	13,34%	-%
1,05	15,06	11,02%	7,47%
13,11	47,74	16,01%	1,10%
